-7.29754e-18    -1.16927e-16    15  0.722277
-1.26976e-17    -2.0345e-16 14  0.591943
-1.8376e-17 -2.94434e-16    13  0.714357
-2.50473e-17    -4.01326e-16    12  0.762105
-3.14255e-17    -5.03522e-16    11  0.693035
-3.7459e-17 -6.00196e-16    10  0.687157
-4.36e-17   -6.98591e-16    9   0.709502
-4.99117e-17    -7.99721e-16    8   0.721916
-5.62573e-17    -9.01396e-16    7   0.718325
-6.25458e-17    -1.00215e-15    6   0.710729
-6.87783e-17    -1.10202e-15    5   0.706084
-7.49845e-17    -1.20146e-15    4   0.704644
-8.11862e-17    -1.30082e-15    3   0.704845
-8.73919e-17    -1.40026e-15    2   0.705459
-9.36023e-17    -1.49976e-15    1   0.705874
-9.98146e-17    -1.5993e-15 -1.69912e-15    0.705874
-1.06025e-16    -1.69881e-15    -1  0.705458
-1.12231e-16    -1.79824e-15    -2  0.704844
-1.18432e-16    -1.89761e-15    -3  0.704643
-1.24639e-16    -1.99705e-15    -4  0.70608
-1.30871e-16    -2.09691e-15    -5  0.710722
-1.3716e-16 -2.19767e-15    -6  0.718313
-1.43505e-16    -2.29935e-15    -7  0.721899
-1.49817e-16    -2.40048e-15    -8  0.70949
-1.55958e-16    -2.49887e-15    -9  0.687159
-1.61992e-16    -2.59555e-15    -10 0.693042
-1.6837e-16 -2.69775e-15    -11 0.762053
-1.75041e-16    -2.80463e-15    -12 0.714335
-1.8072e-16 -2.89562e-15    -13 0.592037
-1.86122e-16    -2.98218e-15    -14 0.72265
-1.93422e-16    -3.09914e-15    -15 0.591695
-1.97119e-16    -3.15838e-15    -15 0.297528
-1.98844e-16    -3.18602e-15    -14 0.082839
-1.98577e-16    -3.18175e-15    -13 -0.143434
-1.96435e-16    -3.14742e-15    -12 -0.327494
-1.93072e-16    -3.09354e-15    -11 -0.430201
-1.88705e-16    -3.02357e-15    -10 -0.576809
-1.82504e-16    -2.9242e-15 -9  -0.857135
-1.74746e-16    -2.79991e-15    -8  -0.811092
-1.68353e-16    -2.69747e-15    -7  -0.664851
-1.62687e-16    -2.6067e-15 -6  -0.633293
-1.57085e-16    -2.51693e-15    -5  -0.643806
-1.5133e-16 -2.42471e-15    -4  -0.665598
-1.45382e-16    -2.32942e-15    -3  -0.686393
-1.39277e-16    -2.23159e-15    -2  -0.701057
-1.33075e-16    -2.13222e-15    -1  -0.708289
-1.26841e-16    -2.03234e-15    -2.15918e-15    -0.708289
-1.20639e-16    -1.93297e-15    1   -0.701058
-1.14534e-16    -1.83515e-15    2   -0.686394
-1.08586e-16    -1.73985e-15    3   -0.665599
-1.02831e-16    -1.64763e-15    4   -0.643806
-9.72284e-17    -1.55786e-15    5   -0.633289
-9.15628e-17    -1.46709e-15    6   -0.664841
-8.51696e-17    -1.36465e-15    7   -0.811069
-7.74122e-17    -1.24035e-15    8   -0.857124
-7.12106e-17    -1.14099e-15    9   -0.576866
-6.68438e-17    -1.07102e-15    10  -0.430261
-6.34798e-17    -1.01712e-15    11  -0.327609
-6.13365e-17    -9.82778e-16    12  -0.143584
-6.10687e-17    -9.78487e-16    13  0.0826882
-6.27925e-17    -1.00611e-15    14  0.297416

